% -------------------------------------------------------------------
%  Generated by MATLAB on 1-Mar-2019 10:14:00
%  MATLAB version: 9.5.0.1033004 (R2018b) Update 2
% -------------------------------------------------------------------
                                                  

starting_conditions = ...
  [0.020535708 0.004881736 0.360759309 0.036909456 2.22045E-14 0.215098729 ...
   0.026701587 0.122024545 0.139319766 2.333710919 22 4.170937143E+8;
   0.01963244 0.002423244 0.006386508 0.046454538 2.22045E-14 0.13715377 ...
   0.02671713 0.061069544 2.22048E-14 5.410981191 13.19435961 5.837196759E+7 ...
   ;
   0.020365537 0.003559898 0.231616351 0.041104645 2.22175E-14 0.100848761 ...
   0.026573724 0.061150967 2.22267E-14 2.854500877 21.32582161 4.914276841E+8 ...
   ;
   0.020021714 0.012781163 0.003242933 0.041125269 1.27686E-7 0.632068997 ...
   0.028011204 0.561627252 3.31388E-14 5.740538016 11.93298589 1.420987723E+8 ...
   ;
   0.020381091 0.015410376 0.32753645 0.046454455 2.32183E-14 0.709728441 ...
   0.027391566 0.599341428 2.27995E-14 3.201945154 20.29126927 6.290172892E+8 ...
   ;
   0.020273415 0.012686629 1E-8 0.039195836 2.2247E-14 0.402267803 0.027945006 ...
   0.193588909 2.23266E-14 4.800989963 12.42781118 1.499537508E+8;
   0.020737467 0.013000598 0.115086768 0.043982019 2.22048E-14 0.075666579 ...
   0.026685083 0.100342156 2.22049E-14 2.710516382 17.0351649 2.332033975E+8 ...
   ;
   0.020658385 0.056931212 0.502591471 0.034902309 2.22045E-14 0.341560178 ...
   0.027878148 0.913079178 2.22048E-14 2.291135084 19.8631418 6.128047633E+8 ...
   ;
   0.019628326 0.003841161 0.007017945 0.035336617 2.22051E-14 0.390028825 ...
   0.028011204 1 2.22051E-14 5.671277704 12.95187681 3.68333041E+8;
   0.019860478 0.007432255 0.020226529 0.046454545 2.22045E-14 0.75338315 ...
   0.02786558 0.83262326 2.22082E-14 3.619381608 10.49787879 8.320958983E+7 ...
   ;
   0.021208772 0.014063627 0.12093495 0.04110855 2.22045E-14 0.110975804 ...
   0.026788333 0.173377381 2.22066E-14 4.093292103 17.62652438 3.857189784E+7 ...
   ;
   0.020003571 0.08 1 0.036516953 2.22045E-14 0.386249833 0.027865404 0.901884112 ...
   2.22045E-14 5.340954045 16.52785926 1.298360595E+9];

